#Layer_Color=16711935
#
#Feature symbol names
#
$0 r10
$1 r3.937
$2 r1.9685

#
#Feature attribute names
#

#
#Layer features
#
A 4.7938483 3.4937697 4.7938483 3.4937697 4.7741633 3.4937697 1 P 0 N
A 5.2095963 3.7873622 5.2095963 3.7873622 5.1899113 3.7873622 1 P 0 N
A 5.8663779 3.7279921 5.8663779 3.7279921 5.8466929 3.7279921 1 P 0 N
A 5.8663779 4.0529921 5.8663779 4.0529921 5.8466929 4.0529921 1 P 0 N
L 3.62 3.035 3.62 4.7 0 P 0
L 3.62 3.035 6.6500001 3.035 0 P 0
L 3.62 4.7 6.64 4.7 0 P 0
L 3.6466436 3.8712598 3.6466436 4.0287402 0 P 0
L 3.9605511 3.4712992 3.9605511 3.5087007 1 P 0
L 3.9605511 3.4712992 4.0294488 3.4712992 1 P 0
L 3.9605511 3.5087007 4.0294488 3.5087007 1 P 0
L 3.9605511 3.5423327 3.9605511 3.5797342 1 P 0
L 3.9605511 3.5423327 4.0294488 3.5423327 1 P 0
L 3.9605511 3.5797342 4.0294488 3.5797342 1 P 0
L 3.9605511 3.6133662 3.9605511 3.6507677 1 P 0
L 3.9605511 3.6133662 4.0294488 3.6133662 1 P 0
L 3.9605511 3.6507677 4.0294488 3.6507677 1 P 0
L 4.0294488 3.4712992 4.0294488 3.5087007 1 P 0
L 4.0294488 3.5423327 4.0294488 3.5797342 1 P 0
L 4.0294488 3.6133662 4.0294488 3.6507677 1 P 0
L 4.0679134 3.9135039 4.0679134 3.9764961 2 P 0
L 4.0679134 3.9135039 4.1820866 3.9135039 2 P 0
L 4.0679134 3.9764961 4.1820866 3.9764961 2 P 0
L 4.1820866 3.9135039 4.1820866 3.9764961 2 P 0
L 4.262126 3.415 4.277874 3.415 1 P 0
L 4.262126 3.525 4.277874 3.525 1 P 0
L 4.262126 3.6334352 4.277874 3.6334352 1 P 0
L 4.27 3.407126 4.27 3.422874 1 P 0
L 4.27 3.517126 4.27 3.532874 1 P 0
L 4.27 3.6255612 4.27 3.6413092 1 P 0
L 4.4271653 4.0581102 4.4271653 4.3218897 1 P 0
L 4.4271653 4.0581102 4.5728346 4.0581102 1 P 0
L 4.4271653 4.3218897 4.5728346 4.3218897 1 P 0
L 4.5212992 3.6155511 4.5212992 3.6844488 1 P 0
L 4.5212992 3.6155511 4.5587008 3.6155511 1 P 0
L 4.5212992 3.6844488 4.5587008 3.6844488 1 P 0
L 4.5587008 3.6155511 4.5587008 3.6844488 1 P 0
L 4.5728346 4.0581102 4.5728346 4.3218897 1 P 0
L 4.6521161 3.4583366 4.6521161 3.655187 1 P 0
L 4.6521161 3.4583366 4.8095964 3.4583366 1 P 0
L 4.6521161 3.655187 4.8095964 3.655187 1 P 0
L 4.7192323 3.7105512 4.7192323 3.7794489 1 P 0
L 4.7192323 3.7105512 4.7566338 3.7105512 1 P 0
L 4.7192323 3.7794489 4.7566338 3.7794489 1 P 0
L 4.7362992 4.0755511 4.7362992 4.1444488 1 P 0
L 4.7362992 4.0755511 4.7737008 4.0755511 1 P 0
L 4.7362992 4.1444488 4.7737008 4.1444488 1 P 0
L 4.7362992 4.2155512 4.7362992 4.2844489 1 P 0
L 4.7362992 4.2155512 4.7737008 4.2155512 1 P 0
L 4.7362992 4.2844489 4.7737008 4.2844489 1 P 0
L 4.7566338 3.7105512 4.7566338 3.7794489 1 P 0
L 4.7737008 4.0755511 4.7737008 4.1444488 1 P 0
L 4.7737008 4.2155512 4.7737008 4.2844489 1 P 0
L 4.7902657 3.7115255 4.7902657 3.7804232 1 P 0
L 4.7902657 3.7115255 4.8276673 3.7115255 1 P 0
L 4.7902657 3.7804232 4.8276673 3.7804232 1 P 0
L 4.8095964 3.4583366 4.8095964 3.655187 1 P 0
L 4.8276673 3.7115255 4.8276673 3.7804232 1 P 0
L 4.8612992 3.7105512 4.8612992 3.7794489 1 P 0
L 4.8612992 3.7105512 4.8987008 3.7105512 1 P 0
L 4.8612992 3.7794489 4.8987008 3.7794489 1 P 0
L 4.8987008 3.7105512 4.8987008 3.7794489 1 P 0
L 5.0273424 3.6355511 5.0273424 3.7044488 1 P 0
L 5.0273424 3.6355511 5.064744 3.6355511 1 P 0
L 5.0273424 3.7044488 5.064744 3.7044488 1 P 0
L 5.064744 3.6355511 5.064744 3.7044488 1 P 0
L 5.0852657 3.9255511 5.0852657 3.9944488 1 P 0
L 5.0852657 3.9255511 5.1226673 3.9255511 1 P 0
L 5.0852657 3.9944488 5.1226673 3.9944488 1 P 0
L 5.1226673 3.9255511 5.1226673 3.9944488 1 P 0
L 5.1544782 3.5472048 5.1544782 3.8227953 1 P 0
L 5.1544782 3.5472048 5.4300687 3.5472048 1 P 0
L 5.1544782 3.8227953 5.4300687 3.8227953 1 P 0
L 5.1612992 3.9255511 5.1612992 3.9944488 1 P 0
L 5.1612992 3.9255511 5.1987008 3.9255511 1 P 0
L 5.1612992 3.9944488 5.1987008 3.9944488 1 P 0
L 5.1987008 3.9255511 5.1987008 3.9944488 1 P 0
L 5.4005511 3.4162992 5.4005511 3.4537008 1 P 0
L 5.4005511 3.4162992 5.4694488 3.4162992 1 P 0
L 5.4005511 3.4537008 5.4694488 3.4537008 1 P 0
L 5.4300687 3.5472048 5.4300687 3.8227953 1 P 0
L 5.4694488 3.4162992 5.4694488 3.4537008 1 P 0
L 5.5355511 4.3462992 5.5355511 4.3837007 1 P 0
L 5.5355511 4.3462992 5.6044488 4.3462992 1 P 0
L 5.5355511 4.3837007 5.6044488 4.3837007 1 P 0
L 5.5405511 3.7862992 5.5405511 3.8237008 1 P 0
L 5.5405511 3.7862992 5.6094488 3.7862992 1 P 0
L 5.5405511 3.8237008 5.6094488 3.8237008 1 P 0
L 5.6044488 4.3462992 5.6044488 4.3837007 1 P 0
L 5.6094488 3.7862992 5.6094488 3.8237008 1 P 0
L 5.8112598 3.5665748 5.8112598 3.7634252 1 P 0
L 5.8112598 3.5665748 5.9687401 3.5665748 1 P 0
L 5.8112598 3.7634252 5.9687401 3.7634252 1 P 0
L 5.8112598 3.8915748 5.8112598 4.0884252 1 P 0
L 5.8112598 3.8915748 5.9687401 3.8915748 1 P 0
L 5.8112598 4.0884252 5.9687401 4.0884252 1 P 0
L 5.9068898 4.2118898 5.9068898 4.4481102 0 P 0
L 5.9068898 4.2118898 6.1431102 4.2118898 0 P 0
L 5.9068898 4.4481102 6.1431102 4.4481102 0 P 0
L 5.9687401 3.5665748 5.9687401 3.7634252 1 P 0
L 5.9687401 3.8915748 5.9687401 4.0884252 1 P 0
L 6.1362993 3.6255511 6.1362993 3.6944488 1 P 0
L 6.1362993 3.6255511 6.1737008 3.6255511 1 P 0
L 6.1362993 3.6944488 6.1737008 3.6944488 1 P 0
L 6.1362993 3.9505511 6.1362993 4.0194488 1 P 0
L 6.1362993 3.9505511 6.1737008 3.9505511 1 P 0
L 6.1362993 4.0194488 6.1737008 4.0194488 1 P 0
L 6.1431102 4.2118898 6.1431102 4.4481102 0 P 0
L 6.1737008 3.6255511 6.1737008 3.6944488 1 P 0
L 6.1737008 3.9505511 6.1737008 4.0194488 1 P 0
L 6.64 4.7 6.65 4.7 0 P 0
L 6.65 4.7 6.6500001 3.035 0 P 0
