#Layer_Color=32768
#
#Feature symbol names
#
$0 r10
$1 r3.937
$2 r1.9685

#
#Feature attribute names
#

#
#Layer features
#
L 3.62 3.035 3.62 4.7 0 P 0
L 3.62 3.035 6.6500001 3.035 0 P 0
L 3.62 4.7 6.64 4.7 0 P 0
L 3.6269586 3.7374016 3.6269586 4.1625984 0 P 0
L 3.6269586 3.7374016 3.9320767 3.7374016 0 P 0
L 3.6269586 4.1625984 3.9320767 4.1625984 0 P 0
L 3.6466436 3.8712598 3.6466436 4.0287402 0 P 0
L 3.9320767 3.7374016 3.9320767 4.1625984 0 P 0
L 3.9339763 3.4604724 3.9339763 3.5195275 2 P 0
L 3.9339763 3.4604724 4.0560236 3.4604724 2 P 0
L 3.9339763 3.5195275 4.0560236 3.5195275 2 P 0
L 3.9339763 3.5315059 3.9339763 3.590561 2 P 0
L 3.9339763 3.5315059 4.0560236 3.5315059 2 P 0
L 3.9339763 3.590561 4.0560236 3.590561 2 P 0
L 3.9339763 3.6025394 3.9339763 3.6615945 2 P 0
L 3.9339763 3.6025394 4.0560236 3.6025394 2 P 0
L 3.9339763 3.6615945 4.0560236 3.6615945 2 P 0
L 3.9762992 3.49 4.0137008 3.49 1 P 0
L 3.9762992 3.5610335 4.0137008 3.5610335 1 P 0
L 3.9762992 3.632067 4.0137008 3.632067 1 P 0
L 3.995 3.4712992 3.995 3.5087007 1 P 0
L 3.995 3.5423327 3.995 3.5797342 1 P 0
L 3.995 3.6133662 3.995 3.6507677 1 P 0
L 4.0560236 3.4604724 4.0560236 3.5195275 2 P 0
L 4.0560236 3.5315059 4.0560236 3.590561 2 P 0
L 4.0560236 3.6025394 4.0560236 3.6615945 2 P 0
L 4.0580708 3.8633071 4.0580708 4.0266929 2 P 0
L 4.0580708 3.8633071 4.1919291 3.8633071 2 P 0
L 4.0580708 4.0266929 4.1919291 4.0266929 2 P 0
L 4.1053149 3.945 4.144685 3.945 1 P 0
L 4.125 3.925315 4.125 3.964685 1 P 0
L 4.1919291 3.8633071 4.1919291 4.0266929 2 P 0
L 4.262126 3.415 4.277874 3.415 1 P 0
L 4.262126 3.525 4.277874 3.525 1 P 0
L 4.262126 3.6334352 4.277874 3.6334352 1 P 0
L 4.27 3.407126 4.27 3.422874 1 P 0
L 4.27 3.517126 4.27 3.532874 1 P 0
L 4.27 3.6255612 4.27 3.6413092 1 P 0
L 4.3287401 4.0482677 4.3287401 4.3317323 2 P 0
L 4.3287401 4.0482677 4.6712598 4.0482677 2 P 0
L 4.3287401 4.3317323 4.6712598 4.3317323 2 P 0
L 4.4803149 4.19 4.519685 4.19 1 P 0
L 4.5 4.1703149 4.5 4.209685 1 P 0
L 4.5104724 3.5889763 4.5104724 3.7110236 2 P 0
L 4.5104724 3.5889763 4.5695275 3.5889763 2 P 0
L 4.5104724 3.7110236 4.5695275 3.7110236 2 P 0
L 4.5212992 3.65 4.5587008 3.65 1 P 0
L 4.54 3.6312992 4.54 3.6687008 1 P 0
L 4.5695275 3.5889763 4.5695275 3.7110236 2 P 0
L 4.5832184 3.4465256 4.5832184 3.666998 2 P 0
L 4.5832184 3.4465256 4.878494 3.4465256 2 P 0
L 4.5832184 3.666998 4.878494 3.666998 2 P 0
L 4.6712598 4.0482677 4.6712598 4.3317323 2 P 0
L 4.7084055 3.6839764 4.7084055 3.8060237 2 P 0
L 4.7084055 3.6839764 4.7674606 3.6839764 2 P 0
L 4.7084055 3.8060237 4.7674606 3.8060237 2 P 0
L 4.7111712 3.5567618 4.7505413 3.5567618 1 P 0
L 4.7192323 3.745 4.7566338 3.745 1 P 0
L 4.7254724 4.0489763 4.7254724 4.1710236 2 P 0
L 4.7254724 4.0489763 4.7845275 4.0489763 2 P 0
L 4.7254724 4.1710236 4.7845275 4.1710236 2 P 0
L 4.7254725 4.1889764 4.7254725 4.3110237 2 P 0
L 4.7254725 4.1889764 4.7845276 4.1889764 2 P 0
L 4.7254725 4.3110237 4.7845276 4.3110237 2 P 0
L 4.7308562 3.5370768 4.7308562 3.5764468 1 P 0
L 4.7362992 4.11 4.7737008 4.11 1 P 0
L 4.7362992 4.25 4.7737008 4.25 1 P 0
L 4.7379331 3.7262992 4.7379331 3.7637008 1 P 0
L 4.755 4.0912992 4.755 4.1287008 1 P 0
L 4.755 4.2312992 4.755 4.2687008 1 P 0
L 4.7674606 3.6839764 4.7674606 3.8060237 2 P 0
L 4.779439 3.6849507 4.779439 3.806998 2 P 0
L 4.779439 3.6849507 4.8384941 3.6849507 2 P 0
L 4.779439 3.806998 4.8384941 3.806998 2 P 0
L 4.7845275 4.0489763 4.7845275 4.1710236 2 P 0
L 4.7845276 4.1889764 4.7845276 4.3110237 2 P 0
L 4.7902657 3.7459743 4.8276673 3.7459743 1 P 0
L 4.8089665 3.7272735 4.8089665 3.7646751 1 P 0
L 4.8384941 3.6849507 4.8384941 3.806998 2 P 0
L 4.8504725 3.6839764 4.8504725 3.8060237 2 P 0
L 4.8504725 3.6839764 4.9095276 3.6839764 2 P 0
L 4.8504725 3.8060237 4.9095276 3.8060237 2 P 0
L 4.8612992 3.745 4.8987008 3.745 1 P 0
L 4.878494 3.4465256 4.878494 3.666998 2 P 0
L 4.88 3.7262992 4.88 3.7637008 1 P 0
L 4.9095276 3.6839764 4.9095276 3.8060237 2 P 0
L 5.0165156 3.6089763 5.0165156 3.7310236 2 P 0
L 5.0165156 3.6089763 5.0755707 3.6089763 2 P 0
L 5.0165156 3.7310236 5.0755707 3.7310236 2 P 0
L 5.0273424 3.67 5.064744 3.67 1 P 0
L 5.0460432 3.6512992 5.0460432 3.6887008 1 P 0
L 5.0744389 3.8989763 5.0744389 4.0210236 2 P 0
L 5.0744389 3.8989763 5.133494 3.8989763 2 P 0
L 5.0744389 4.0210236 5.133494 4.0210236 2 P 0
L 5.0755707 3.6089763 5.0755707 3.7310236 2 P 0
L 5.0852657 3.96 5.1226673 3.96 1 P 0
L 5.0875491 3.4802756 5.0875491 3.8897244 2 P 0
L 5.0875491 3.4802756 5.4969979 3.4802756 2 P 0
L 5.0875491 3.8897244 5.4969979 3.8897244 2 P 0
L 5.1039665 3.9412992 5.1039665 3.9787008 1 P 0
L 5.12 4.155 5.12 4.315 0 P 0
L 5.12 4.155 5.78 4.155 0 P 0
L 5.12 4.315 5.78 4.315 0 P 0
L 5.133494 3.8989763 5.133494 4.0210236 2 P 0
L 5.1504724 3.8989763 5.1504724 4.0210236 2 P 0
L 5.1504724 3.8989763 5.2095275 3.8989763 2 P 0
L 5.1504724 4.0210236 5.2095275 4.0210236 2 P 0
L 5.1612992 3.96 5.1987008 3.96 1 P 0
L 5.18 3.9412992 5.18 3.9787008 1 P 0
L 5.2095275 3.8989763 5.2095275 4.0210236 2 P 0
L 5.2725884 3.685 5.3119585 3.685 1 P 0
L 5.2922735 3.665315 5.2922735 3.7046851 1 P 0
L 5.3739763 3.4054725 5.3739763 3.4645276 2 P 0
L 5.3739763 3.4054725 5.4960236 3.4054725 2 P 0
L 5.3739763 3.4645276 5.4960236 3.4645276 2 P 0
L 5.4162992 3.435 5.4537008 3.435 1 P 0
L 5.435 3.4162992 5.435 3.4537008 1 P 0
L 5.4960236 3.4054725 5.4960236 3.4645276 2 P 0
L 5.4969979 3.4802756 5.4969979 3.8897244 2 P 0
L 5.5089763 4.3354724 5.5089763 4.3945275 2 P 0
L 5.5089763 4.3354724 5.6310236 4.3354724 2 P 0
L 5.5089763 4.3945275 5.6310236 4.3945275 2 P 0
L 5.5139763 3.7754725 5.5139763 3.8345276 2 P 0
L 5.5139763 3.7754725 5.6360236 3.7754725 2 P 0
L 5.5139763 3.8345276 5.6360236 3.8345276 2 P 0
L 5.5512992 4.365 5.5887008 4.365 1 P 0
L 5.5562992 3.805 5.5937008 3.805 1 P 0
L 5.57 4.3462992 5.57 4.3837007 1 P 0
L 5.575 3.7862992 5.575 3.8237008 1 P 0
L 5.6310236 4.3354724 5.6310236 4.3945275 2 P 0
L 5.6360236 3.7754725 5.6360236 3.8345276 2 P 0
L 5.7423622 3.5567323 5.7423622 3.7732677 2 P 0
L 5.7423622 3.5567323 6.0376378 3.5567323 2 P 0
L 5.7423622 3.7732677 6.0376378 3.7732677 2 P 0
L 5.7423622 3.8817323 5.7423622 4.0982677 2 P 0
L 5.7423622 3.8817323 6.0376378 3.8817323 2 P 0
L 5.7423622 4.0982677 6.0376378 4.0982677 2 P 0
L 5.78 4.155 5.78 4.315 0 P 0
L 5.8202756 4.1961417 5.8202756 4.4638583 0 P 0
L 5.8202756 4.1961417 6.2297244 4.1961417 0 P 0
L 5.8202756 4.4638583 6.2297244 4.4638583 0 P 0
L 5.8703149 3.665 5.909685 3.665 1 P 0
L 5.8703149 3.99 5.909685 3.99 1 P 0
L 5.89 3.645315 5.89 3.684685 1 P 0
L 5.89 3.970315 5.89 4.009685 1 P 0
L 6.0376378 3.5567323 6.0376378 3.7732677 2 P 0
L 6.0376378 3.8817323 6.0376378 4.0982677 2 P 0
L 6.1254725 3.5989763 6.1254725 3.7210236 2 P 0
L 6.1254725 3.5989763 6.1845276 3.5989763 2 P 0
L 6.1254725 3.7210236 6.1845276 3.7210236 2 P 0
L 6.1254725 3.9239763 6.1254725 4.0460236 2 P 0
L 6.1254725 3.9239763 6.1845276 3.9239763 2 P 0
L 6.1254725 4.0460236 6.1845276 4.0460236 2 P 0
L 6.1362993 3.66 6.1737008 3.66 1 P 0
L 6.1362993 3.985 6.1737008 3.985 1 P 0
L 6.155 3.6412992 6.155 3.6787008 1 P 0
L 6.155 3.9662992 6.155 4.0037008 1 P 0
L 6.1845276 3.5989763 6.1845276 3.7210236 2 P 0
L 6.1845276 3.9239763 6.1845276 4.0460236 2 P 0
L 6.2297244 4.1961417 6.2297244 4.4638583 0 P 0
L 6.64 4.7 6.65 4.7 0 P 0
L 6.65 4.7 6.6500001 3.035 0 P 0
