#Layer_Color=32768
#
#Feature symbol names
#
$0 r3.937
$1 r1.9685
$2 r10

#
#Feature attribute names
#

#
#Layer features
#
L 0.0008661 1.6712205 0.0008661 1.9147244 1 P 0
L 0.0008661 1.6712205 0.3305905 1.6712205 1 P 0
L 0.0008661 1.9147244 0.3305905 1.9147244 1 P 0
L 0.1139763 1.6104724 0.1139763 1.6695275 1 P 0
L 0.1139763 1.6104724 0.2360236 1.6104724 1 P 0
L 0.1139763 1.6695275 0.2360236 1.6695275 1 P 0
L 0.1286614 0.7896063 0.1286614 1.1193307 1 P 0
L 0.1286614 0.7896063 0.3721653 0.7896063 1 P 0
L 0.1286614 1.1193307 0.3721653 1.1193307 1 P 0
L 0.1302756 1.1596063 0.1302756 1.4893307 1 P 0
L 0.1302756 1.1596063 0.3737795 1.1596063 1 P 0
L 0.1302756 1.4893307 0.3737795 1.4893307 1 P 0
L 0.1436614 0.4308661 0.1436614 0.7605905 1 P 0
L 0.1436614 0.4308661 0.3871653 0.4308661 1 P 0
L 0.1436614 0.7605905 0.3871653 0.7605905 1 P 0
L 0.1562992 1.64 0.1937008 1.64 0 P 0
L 0.175 1.6212992 0.175 1.6587007 0 P 0
L 0.2360236 1.6104724 0.2360236 1.6695275 1 P 0
L 0.3305905 1.6712205 0.3305905 1.9147244 1 P 0
L 0.3496063 1.6812205 0.3496063 1.9247244 1 P 0
L 0.3496063 1.6812205 0.6793307 1.6812205 1 P 0
L 0.3496063 1.9247244 0.6793307 1.9247244 1 P 0
L 0.3721653 0.7896063 0.3721653 1.1193307 1 P 0
L 0.3737795 1.1596063 0.3737795 1.4893307 1 P 0
L 0.3871653 0.4308661 0.3871653 0.7605905 1 P 0
L 0.3890157 0.5641338 0.3890158 0.7058661 1 P 0
L 0.3890157 0.5641338 0.5366535 0.5641338 1 P 0
L 0.3890158 0.7058661 0.5366534 0.7058661 1 P 0
L 0.3961811 0.922874 0.3961811 1.0646063 1 P 0
L 0.3961811 0.922874 0.5438189 0.922874 1 P 0
L 0.3961811 1.0646063 0.5438189 1.0646063 1 P 0
L 0.4011811 1.2891339 0.4011811 1.4308662 1 P 0
L 0.4011811 1.2891339 0.5488189 1.2891339 1 P 0
L 0.4011811 1.4308662 0.5488189 1.4308662 1 P 0
L 0.4431496 0.635 0.4825196 0.635 0 P 0
L 0.450315 0.9937402 0.489685 0.9937402 0 P 0
L 0.455315 1.36 0.4946849 1.3600001 0 P 0
L 0.4628346 0.6153149 0.4628346 0.654685 0 P 0
L 0.4639763 1.6119684 0.4639763 1.6710235 1 P 0
L 0.4639763 1.6119684 0.5860236 1.6119684 1 P 0
L 0.4639763 1.6710235 0.5860236 1.6710235 1 P 0
L 0.47 0.9740552 0.47 1.0134252 0 P 0
L 0.475 1.340315 0.475 1.379685 0 P 0
L 0.5062992 1.641496 0.5437008 1.641496 0 P 0
L 0.525 1.6227952 0.525 1.6601967 0 P 0
L 0.5366534 0.7058661 0.5366535 0.5641338 1 P 0
L 0.5438189 0.922874 0.5438189 1.0646063 1 P 0
L 0.5488189 1.2891339 0.5488189 1.4308662 1 P 0
L 0.5860236 1.6119684 0.5860236 1.6710235 1 P 0
L 0.6434645 0.8639764 0.6434645 0.9860237 1 P 0
L 0.6434645 0.8639764 0.7025196 0.8639764 1 P 0
L 0.6434645 0.9860237 0.7025196 0.9860237 1 P 0
L 0.6438582 0.5054724 0.6438582 0.6275197 1 P 0
L 0.6438582 0.5054724 0.7029133 0.5054724 1 P 0
L 0.6438582 0.6275197 0.7029133 0.6275197 1 P 0
L 0.6438582 1.2289764 0.6438582 1.3510237 1 P 0
L 0.6438582 1.2289764 0.7029133 1.2289764 1 P 0
L 0.6438582 1.3510237 0.7029133 1.3510237 1 P 0
L 0.6542913 0.925 0.6916928 0.925 0 P 0
L 0.654685 0.566496 0.6920865 0.566496 0 P 0
L 0.654685 1.29 0.6920865 1.29 0 P 0
L 0.6729921 0.9062992 0.6729921 0.9437008 0 P 0
L 0.6733858 0.5477952 0.6733858 0.5851968 0 P 0
L 0.6733858 1.2712992 0.6733858 1.3087008 0 P 0
L 0.6793307 1.6812205 0.6793307 1.9247244 1 P 0
L 0.6946063 1.6812205 0.6946063 1.9247244 1 P 0
L 0.6946063 1.6812205 1.0243307 1.6812205 1 P 0
L 0.6946063 1.9247244 1.0243307 1.9247244 1 P 0
L 0.7025196 0.8639764 0.7025196 0.9860237 1 P 0
L 0.7029133 0.5054724 0.7029133 0.6275197 1 P 0
L 0.7029133 1.2289764 0.7029133 1.3510237 1 P 0
L 0.7174802 0.9230708 0.7174802 0.9821259 1 P 0
L 0.7174802 0.9230708 0.8395275 0.9230708 1 P 0
L 0.7174802 0.9821259 0.8395275 0.9821259 1 P 0
L 0.7489763 0.5654724 0.7489763 0.6245275 1 P 0
L 0.7489763 0.5654724 0.8710236 0.5654724 1 P 0
L 0.7489763 0.6245275 0.8710236 0.6245275 1 P 0
L 0.7598031 0.9525984 0.7972047 0.9525984 0 P 0
L 0.7604724 1.2919685 0.7604724 1.3510236 1 P 0
L 0.7604724 1.2919685 0.8825197 1.2919685 1 P 0
L 0.7604724 1.3510236 0.8825197 1.3510236 1 P 0
L 0.7785039 0.9338976 0.7785039 0.9712991 0 P 0
L 0.7912992 0.595 0.8287008 0.595 0 P 0
L 0.7969684 1.6104724 0.7969684 1.6695275 1 P 0
L 0.7969684 1.6104724 0.9190157 1.6104724 1 P 0
L 0.7969684 1.6695275 0.9190157 1.6695275 1 P 0
L 0.8027953 1.3214961 0.8401969 1.3214961 0 P 0
L 0.81 0.5762992 0.81 0.6137007 0 P 0
L 0.8214961 1.3027953 0.8214961 1.3401968 0 P 0
L 0.8392913 1.64 0.8766929 1.64 0 P 0
L 0.8395275 0.9230708 0.8395275 0.9821259 1 P 0
L 0.8579921 1.6212992 0.8579921 1.6587007 0 P 0
L 0.8710236 0.5654724 0.8710236 0.6245275 1 P 0
L 0.8825197 1.2919685 0.8825197 1.3510236 1 P 0
L 0.9117324 0.5568504 0.9117324 0.852126 1 P 0
L 0.9117324 0.5568504 1.1282677 0.5568505 1 P 0
L 0.9117324 0.852126 1.1282677 0.8521259 1 P 0
L 0.9190157 1.6104724 0.9190157 1.6695275 1 P 0
L 0.9654725 0.4139763 0.9654725 0.5360236 1 P 0
L 0.9654725 0.4139763 1.0245276 0.4139763 1 P 0
L 0.9654725 0.5360236 1.0245276 0.5360236 1 P 0
L 0.9762993 0.475 1.0137008 0.475 0 P 0
L 0.995 0.4562992 0.995 0.4937008 0 P 0
L 1.0003151 0.7044882 1.0396851 0.7044882 0 P 0
L 1.0200001 0.6848032 1.0200001 0.7241733 0 P 0
L 1.0243307 1.6812205 1.0243307 1.9247244 1 P 0
L 1.0245276 0.4139763 1.0245276 0.5360236 1 P 0
L 1.0354724 1.2774803 1.0354724 1.3995276 1 P 0
L 1.0354724 1.2774803 1.0945275 1.2774803 1 P 0
L 1.0354724 1.3995276 1.0945275 1.3995276 1 P 0
L 1.0358661 1.6812205 1.0358661 1.9247244 1 P 0
L 1.0358661 1.6812205 1.3655905 1.6812205 1 P 0
L 1.0358661 1.9247244 1.3655905 1.9247244 1 P 0
L 1.0380316 0.9702166 1.0380316 1.0922639 1 P 0
L 1.0380316 0.9702166 1.0970867 0.9702166 1 P 0
L 1.0380316 1.0922639 1.0970867 1.0922639 1 P 0
L 1.0462992 1.338504 1.0837008 1.338504 0 P 0
L 1.0488583 1.0312402 1.0862599 1.0312402 0 P 0
L 1.065 1.3198032 1.065 1.3572048 0 P 0
L 1.0675591 1.0125394 1.0675591 1.049941 0 P 0
L 1.0945275 1.2774803 1.0945275 1.3995276 1 P 0
L 1.0970867 0.9702166 1.0970867 1.0922639 1 P 0
L 1.1054331 0.9127165 1.1054331 1.4402756 1 P 0
L 1.1054331 0.9127165 1.6329922 0.9127165 1 P 0
L 1.1054331 1.4402756 1.6329922 1.4402756 1 P 0
L 1.1282677 0.5568505 1.1282677 0.8521259 1 P 0
L 1.1389763 1.6119684 1.1389763 1.6710235 1 P 0
L 1.1389763 1.6119684 1.2610236 1.6119684 1 P 0
L 1.1389763 1.6710235 1.2610236 1.6710235 1 P 0
L 1.1812992 1.641496 1.2187008 1.641496 0 P 0
L 1.1839764 0.8204724 1.1839764 0.8795275 1 P 0
L 1.1839764 0.8204724 1.3060237 0.8204724 1 P 0
L 1.1839764 0.8795275 1.3060237 0.8795275 1 P 0
L 1.2 1.6227952 1.2 1.6601967 0 P 0
L 1.2262992 0.85 1.2637008 0.85 0 P 0
L 1.245 0.8312992 1.245 0.8687008 0 P 0
L 1.2610236 1.6119684 1.2610236 1.6710235 1 P 0
L 1.3060237 0.8204724 1.3060237 0.8795275 1 P 0
L 1.3089764 1.2004725 1.3089764 1.2595276 1 P 0
L 1.3089764 1.2004725 1.4310237 1.2004725 1 P 0
L 1.3089764 1.2595276 1.4310237 1.2595276 1 P 0
L 1.3089764 1.2654725 1.3089764 1.3245276 1 P 0
L 1.3089764 1.2654725 1.4310237 1.2654725 1 P 0
L 1.3089764 1.3245276 1.4310237 1.3245276 1 P 0
L 1.3154725 0.7604724 1.3154725 0.8825197 1 P 0
L 1.3154725 0.7604724 1.3745276 0.7604724 1 P 0
L 1.3154725 0.8825197 1.3745276 0.8825197 1 P 0
L 1.3262992 0.821496 1.3637008 0.821496 0 P 0
L 1.345 0.8027952 1.345 0.8401968 0 P 0
L 1.3495276 1.1764961 1.3888977 1.1764961 0 P 0
L 1.3512992 1.23 1.3887008 1.23 0 P 0
L 1.3512992 1.295 1.3887008 1.295 0 P 0
L 1.3655905 1.6812205 1.3655905 1.9247244 1 P 0
L 1.3692126 1.156811 1.3692126 1.1961811 0 P 0
L 1.37 1.2112992 1.37 1.2487008 0 P 0
L 1.37 1.2762992 1.37 1.3137008 0 P 0
L 1.3745276 0.7604724 1.3745276 0.8825197 1 P 0
L 1.3796063 1.6812205 1.3796063 1.9247244 1 P 0
L 1.3796063 1.6812205 1.7093307 1.6812205 1 P 0
L 1.3796063 1.9247244 1.7093307 1.9247244 1 P 0
L 1.4029776 0.8284506 1.4029776 0.8875057 1 P 0
L 1.4029776 0.8284506 1.5250249 0.8284506 1 P 0
L 1.4029776 0.8875057 1.5250249 0.8875057 1 P 0
L 1.4310237 1.2004725 1.4310237 1.2595276 1 P 0
L 1.4310237 1.2654725 1.4310237 1.3245276 1 P 0
L 1.4449138 0.2820973 1.4449138 0.8220974 2 P 0
L 1.4449138 0.2820973 1.8999138 0.2820973 2 P 0
L 1.4449138 0.8220974 1.8899137 0.8220974 2 P 0
L 1.4453005 0.8579781 1.4827021 0.8579781 0 P 0
L 1.4640013 0.8392773 1.4640013 0.8766789 0 P 0
L 1.4939763 1.6119684 1.4939763 1.6710235 1 P 0
L 1.4939763 1.6119684 1.6160236 1.6119684 1 P 0
L 1.4939763 1.6710235 1.6160236 1.6710235 1 P 0
L 1.5250249 0.8284506 1.5250249 0.8875057 1 P 0
L 1.5362992 1.641496 1.5737008 1.641496 0 P 0
L 1.555 1.6227952 1.555 1.6601967 0 P 0
L 1.6160236 1.6119684 1.6160236 1.6710235 1 P 0
L 1.6329922 0.9127165 1.6329922 1.4402756 1 P 0
L 1.6489763 1.0583859 1.6489763 1.117441 1 P 0
L 1.6489763 1.0583859 1.7710236 1.0583859 1 P 0
L 1.6489763 1.117441 1.7710236 1.117441 1 P 0
L 1.6489763 1.1754725 1.6489763 1.2345276 1 P 0
L 1.6489763 1.1754725 1.7710236 1.1754725 1 P 0
L 1.6489763 1.2345276 1.7710236 1.2345276 1 P 0
L 1.6912992 1.0879134 1.7287008 1.0879134 0 P 0
L 1.6912992 1.205 1.7287008 1.205 0 P 0
L 1.7093307 1.6812205 1.7093307 1.9247244 1 P 0
L 1.71 1.0692126 1.71 1.1066142 0 P 0
L 1.71 1.1862992 1.71 1.2237008 0 P 0
L 1.7208661 1.6762205 1.7208661 1.9197244 1 P 0
L 1.7208661 1.6762205 2.0505905 1.6762205 1 P 0
L 1.7208661 1.9197244 2.0505905 1.9197244 1 P 0
L 1.7710236 1.0583859 1.7710236 1.117441 1 P 0
L 1.7710236 1.1754725 1.7710236 1.2345276 1 P 0
L 1.8304724 1.6104724 1.8304724 1.6695275 1 P 0
L 1.8304724 1.6104724 1.9525197 1.6104724 1 P 0
L 1.8304724 1.6695275 1.9525197 1.6695275 1 P 0
L 1.8727953 1.64 1.9101969 1.64 0 P 0
L 1.8899137 0.8220974 1.8949138 0.8170973 2 P 0
L 1.8914961 1.6212992 1.8914961 1.6587007 0 P 0
L 1.8949138 0.2870973 1.8949138 0.8170973 2 P 0
L 1.8949138 0.2870973 1.8999138 0.2820973 2 P 0
L 1.9002756 1.0011417 1.9002756 1.2688583 2 P 0
L 1.9002756 1.0011417 2.3097244 1.0011417 2 P 0
L 1.9002756 1.2688583 2.3097244 1.2688583 2 P 0
L 1.9423088 0.1679134 1.9423088 0.5104331 1 P 0
L 1.9423088 0.1679134 2.2257734 0.1679134 1 P 0
L 1.9423088 0.5104331 2.2257734 0.5104331 1 P 0
L 1.9525197 1.6104724 1.9525197 1.6695275 1 P 0
L 2.0461737 0.6600252 2.0461737 0.7820724 1 P 0
L 2.0461737 0.6600252 2.1052289 0.6600252 1 P 0
L 2.0461737 0.7820724 2.1052287 0.7820724 1 P 0
L 2.0505905 1.6762205 2.0505905 1.9197244 1 P 0
L 2.0540512 0.0904725 2.0540512 0.1495276 1 P 0
L 2.0540512 0.0904725 2.1760985 0.0904725 1 P 0
L 2.0540512 0.1495276 2.1760985 0.1495276 1 P 0
L 2.0570005 0.7210489 2.0944021 0.7210489 0 P 0
L 2.064356 0.3391732 2.1037261 0.3391732 0 P 0
L 2.0757012 0.7397497 2.0757013 0.7023481 0 P 0
L 2.0758661 1.6712205 2.0758661 1.9147244 1 P 0
L 2.0758661 1.6712205 2.4055905 1.6712205 1 P 0
L 2.0758661 1.9147244 2.4055905 1.9147244 1 P 0
L 2.0840411 0.3194882 2.0840411 0.3588583 0 P 0
L 2.0963741 0.12 2.1337757 0.12 0 P 0
L 2.1052287 0.7820724 2.1052289 0.6600252 1 P 0
L 2.1150749 0.1012992 2.1150749 0.1387008 0 P 0
L 2.1760985 0.0904725 2.1760985 0.1495276 1 P 0
L 2.1839763 1.6104724 2.1839763 1.6695275 1 P 0
L 2.1839763 1.6104724 2.3060236 1.6104724 1 P 0
L 2.1839763 1.6695275 2.3060236 1.6695275 1 P 0
L 2.1977484 0.672781 2.1977484 0.8893164 1 P 0
L 2.1977484 0.672781 2.489087 0.672781 1 P 0
L 2.1977484 0.8893164 2.489087 0.8893164 1 P 0
L 2.2257734 0.1679134 2.2257734 0.5104331 1 P 0
L 2.2262992 1.64 2.2637008 1.64 0 P 0
L 2.245 1.6212992 2.245 1.6587007 0 P 0
L 2.3060236 1.6104724 2.3060236 1.6695275 1 P 0
L 2.3097244 1.0011417 2.3097244 1.2688583 2 P 0
L 2.3157664 0.1311367 2.3157664 0.253184 1 P 0
L 2.3157664 0.1311367 2.3748215 0.1311367 1 P 0
L 2.3157664 0.253184 2.3748215 0.253184 1 P 0
L 2.3237326 0.7810487 2.3631029 0.7810487 0 P 0
L 2.3265931 0.1921603 2.3639947 0.1921603 0 P 0
L 2.3434177 0.7613637 2.3434177 0.8007337 0 P 0
L 2.3452939 0.1734595 2.3452939 0.2108611 0 P 0
L 2.3748215 0.1311367 2.3748215 0.253184 1 P 0
L 2.4055905 1.6712205 2.4055905 1.9147244 1 P 0
L 2.4303863 0.720025 2.4303863 0.8420724 1 P 0
L 2.4303863 0.720025 2.4894414 0.720025 1 P 0
L 2.4303863 0.8420724 2.4894414 0.8420722 1 P 0
L 2.4412131 0.7810486 2.4786147 0.7810486 0 P 0
L 2.4573621 1.6762205 2.4573621 1.9197244 1 P 0
L 2.4573621 1.6762205 2.7870865 1.6762205 1 P 0
L 2.4573621 1.9197244 2.7870865 1.9197244 1 P 0
L 2.4599138 0.7623479 2.4599138 0.7997495 0 P 0
L 2.489087 0.672781 2.489087 0.8893164 1 P 0
L 2.4894414 0.720025 2.4894414 0.8420722 1 P 0
L 2.4938902 0.7265212 2.4938903 0.7855763 1 P 0
L 2.4938902 0.7265212 2.6159375 0.7265212 1 P 0
L 2.4938902 0.781521 2.4938903 0.8405762 1 P 0
L 2.4938902 0.781521 2.6159375 0.7815211 1 P 0
L 2.4938903 0.7855763 2.6159375 0.7855762 1 P 0
L 2.4938903 0.8405762 2.6159375 0.8405762 1 P 0
L 2.5288901 0.7865212 2.5288901 0.8455762 1 P 0
L 2.5288901 0.7865212 2.6509374 0.7865211 1 P 0
L 2.5288901 0.8455762 2.6509373 0.8455762 1 P 0
L 2.5303862 0.6650251 2.5303862 0.7870724 1 P 0
L 2.5303862 0.6650251 2.5894414 0.6650251 1 P 0
L 2.5303862 0.7870724 2.5894412 0.7870723 1 P 0
L 2.5362129 0.8110487 2.5736146 0.8110486 0 P 0
L 2.536213 0.7560487 2.5736146 0.7560487 0 P 0
L 2.541213 0.7260487 2.5786146 0.7260487 0 P 0
L 2.5549138 0.7373479 2.5549139 0.7747495 0 P 0
L 2.5549138 0.7923478 2.5549139 0.8297494 0 P 0
L 2.5599137 0.7447495 2.5599138 0.707348 0 P 0
L 2.5689763 1.6154724 2.5689763 1.6745275 1 P 0
L 2.5689763 1.6154724 2.6910236 1.6154724 1 P 0
L 2.5689763 1.6745275 2.6910236 1.6745275 1 P 0
L 2.571213 0.8160487 2.6086146 0.8160486 0 P 0
L 2.5894412 0.7870723 2.5894414 0.6650251 1 P 0
L 2.5899137 0.8347496 2.5899138 0.7973479 0 P 0
L 2.6004725 1.0389763 2.6004725 1.1610236 1 P 0
L 2.6004725 1.0389763 2.6595276 1.0389763 1 P 0
L 2.6004725 1.1610236 2.6595276 1.1610236 1 P 0
L 2.6112992 1.645 2.6487008 1.645 0 P 0
L 2.6112993 1.1 2.6487008 1.1 0 P 0
L 2.6159375 0.7265212 2.6159375 0.7855762 1 P 0
L 2.6159375 0.7815211 2.6159375 0.8405762 1 P 0
L 2.6199138 0.2760487 2.6199138 0.7460488 2 P 0
L 2.6199138 0.2760487 3.0599137 0.2760489 2 P 0
L 2.6199138 0.7460488 3.0599137 0.7460486 2 P 0
L 2.63 1.0812992 2.63 1.1187008 0 P 0
L 2.63 1.6262992 2.63 1.6637007 0 P 0
L 2.6509373 0.8455762 2.6509374 0.7865211 1 P 0
L 2.6595276 1.0389763 2.6595276 1.1610236 1 P 0
L 2.6789764 0.7989764 2.6789764 0.9210237 1 P 0
L 2.6789764 0.7989764 2.7380315 0.7989764 1 P 0
L 2.6789764 0.9204725 2.6789764 0.9795276 1 P 0
L 2.6789764 0.9204725 2.8010237 0.9204725 1 P 0
L 2.6789764 0.9210237 2.7380315 0.9210237 1 P 0
L 2.6789764 0.9795276 2.8010237 0.9795276 1 P 0
L 2.6898032 0.86 2.7272047 0.86 0 P 0
L 2.6910236 1.6154724 2.6910236 1.6745275 1 P 0
L 2.708504 0.8412992 2.708504 0.8787008 0 P 0
L 2.7212992 0.95 2.7587008 0.95 0 P 0
L 2.7254725 1.1326377 2.7254725 1.254685 1 P 0
L 2.7254725 1.1326377 2.7845276 1.1326377 1 P 0
L 2.7254725 1.254685 2.7845276 1.254685 1 P 0
L 2.7362993 1.1936614 2.7737008 1.1936614 0 P 0
L 2.7380315 0.7989764 2.7380315 0.9210237 1 P 0
L 2.74 0.9312993 2.74 0.9687008 0 P 0
L 2.7404725 1.2889763 2.7404725 1.4110236 1 P 0
L 2.7404725 1.2889763 2.7995276 1.2889763 1 P 0
L 2.7404725 1.4110236 2.7995276 1.4110236 1 P 0
L 2.7512993 1.35 2.7887008 1.35 0 P 0
L 2.755 1.1749606 2.755 1.2123622 0 P 0
L 2.7604724 1.4439764 2.7604724 1.5660237 1 P 0
L 2.7604724 1.4439764 2.8195275 1.4439764 1 P 0
L 2.7604724 1.5660237 2.8195275 1.5660237 1 P 0
L 2.77 1.3312992 2.77 1.3687008 0 P 0
L 2.7712992 1.505 2.8087007 1.505 0 P 0
L 2.7845276 1.1326377 2.7845276 1.254685 1 P 0
L 2.7870865 1.6762205 2.7870865 1.9197244 1 P 0
L 2.7899137 0.5110487 2.8899138 0.5110487 2 P 0
L 2.79 1.4862992 2.79 1.5237008 0 P 0
L 2.7995276 1.2889763 2.7995276 1.4110236 1 P 0
L 2.8010237 0.9204725 2.8010237 0.9795276 1 P 0
L 2.8195275 1.4439764 2.8195275 1.5660237 1 P 0
L 2.8399137 0.4610487 2.8399137 0.5610486 2 P 0
L 3.0599137 0.2760489 3.0599137 0.7460486 2 P 0
