#Layer_Color=16711935
#
#Feature symbol names
#
$0 r3.937
$1 r10
$2 r1.9685
$3 r3

#
#Feature attribute names
#
@0 .nomenclature
@1 .string
@2 .string_angle

#
#Feature attribute text strings
#
&0 U1

#
#Layer features
#
A 1.1026772 0.7477953 1.1026772 0.7477953 1.0829922 0.7477953 0 P 0 N
A 1.2196063 1.3379134 1.2196063 1.3379134 1.2077953 1.3379134 0 P 0 N
A 2.4064098 0.7180566 2.4064098 0.7180566 2.3867248 0.7180566 0 P 0 N
L 0.0140551 1.6846063 0.0140551 1.7869686 2 P 0
L 0.0140551 1.6846063 0.0809842 1.6846063 2 P 0
L 0.0140551 1.7869686 0.0376771 1.8105906 2 P 0
L 0.0376771 1.8105906 0.0376771 1.9011417 2 P 0
L 0.0376771 1.9011417 0.2935827 1.9011417 2 P 0
L 0.0809842 1.6846063 0.0809842 1.7279134 2 P 0
L 0.0809842 1.7279134 0.1429921 1.7279134 2 P 0
L 0.1405511 1.6212992 0.1405511 1.6587007 0 P 0
L 0.1405511 1.6212992 0.2094488 1.6212992 0 P 0
L 0.1405511 1.6587007 0.2094488 1.6587007 0 P 0
L 0.1422441 0.8264173 0.1422441 1.0823229 2 P 0
L 0.1422441 0.8264173 0.2327952 0.8264173 2 P 0
L 0.1422441 1.0823229 0.2327952 1.0823229 2 P 0
L 0.1429921 1.7066535 0.1429921 1.7279134 2 P 0
L 0.1429921 1.7066535 0.1882677 1.7066535 2 P 0
L 0.1438583 1.1964173 0.1438583 1.4523229 2 P 0
L 0.1438583 1.1964173 0.2344094 1.1964173 2 P 0
L 0.1438583 1.4523229 0.2344094 1.4523229 2 P 0
L 0.1572441 0.4676771 0.1572441 0.7235827 2 P 0
L 0.1572441 0.4676771 0.2477952 0.4676771 2 P 0
L 0.1572441 0.7235827 0.2477952 0.7235827 2 P 0
L 0.1882677 1.7066535 0.1882677 1.7279134 2 P 0
L 0.1882677 1.7279134 0.2502756 1.7279134 2 P 0
L 0.2094488 1.6212992 0.2094488 1.6587007 0 P 0
L 0.2327952 0.8264173 0.2564172 0.8027953 2 P 0
L 0.2327952 1.0823229 0.2564172 1.1059449 2 P 0
L 0.2344094 1.1964173 0.2580314 1.1727953 2 P 0
L 0.2344094 1.4523229 0.2580314 1.4759449 2 P 0
L 0.2477952 0.4676771 0.2714172 0.4440551 2 P 0
L 0.2477952 0.7235827 0.2714172 0.7472047 2 P 0
L 0.2502756 1.6846063 0.2502756 1.7279134 2 P 0
L 0.2502756 1.6846063 0.3172047 1.6846063 2 P 0
L 0.2564172 0.8027953 0.3587795 0.8027953 2 P 0
L 0.2564172 1.1059449 0.3587795 1.1059449 2 P 0
L 0.2580314 1.1727953 0.3603937 1.1727953 2 P 0
L 0.2580314 1.4759449 0.3603937 1.4759449 2 P 0
L 0.2714172 0.4440551 0.3737795 0.4440551 2 P 0
L 0.2714172 0.7472047 0.3737795 0.7472047 2 P 0
L 0.2935827 1.8105906 0.2935827 1.9011417 2 P 0
L 0.2935827 1.8105906 0.3172047 1.7869686 2 P 0
L 0.3154724 0.8697244 0.3154724 0.9317323 2 P 0
L 0.3154724 0.8697244 0.3587795 0.8697244 2 P 0
L 0.3154724 0.9317323 0.3367323 0.9317323 2 P 0
L 0.3154724 0.9770079 0.3154724 1.0390158 2 P 0
L 0.3154724 0.9770079 0.3367323 0.9770079 2 P 0
L 0.3154724 1.0390158 0.3587795 1.0390158 2 P 0
L 0.3170866 1.2397244 0.3170866 1.3017323 2 P 0
L 0.3170866 1.2397244 0.3603937 1.2397244 2 P 0
L 0.3170866 1.3017323 0.3383465 1.3017323 2 P 0
L 0.3170866 1.3470079 0.3170866 1.4090158 2 P 0
L 0.3170866 1.3470079 0.3383465 1.3470079 2 P 0
L 0.3170866 1.4090158 0.3603937 1.4090158 2 P 0
L 0.3172047 1.6846063 0.3172047 1.7869686 2 P 0
L 0.3304724 0.5109842 0.3304724 0.5729921 2 P 0
L 0.3304724 0.5109842 0.3737795 0.5109842 2 P 0
L 0.3304724 0.5729921 0.3517323 0.5729921 2 P 0
L 0.3304724 0.6182677 0.3304724 0.6802756 2 P 0
L 0.3304724 0.6182677 0.3517323 0.6182677 2 P 0
L 0.3304724 0.6802756 0.3737795 0.6802756 2 P 0
L 0.3367323 0.9317323 0.3367323 0.9770079 2 P 0
L 0.3383465 1.3017323 0.3383465 1.3470079 2 P 0
L 0.3517323 0.5729921 0.3517323 0.6182677 2 P 0
L 0.3587795 0.8027953 0.3587795 0.8697244 2 P 0
L 0.3587795 1.0390158 0.3587795 1.1059449 2 P 0
L 0.3603937 1.1727953 0.3603937 1.2397244 2 P 0
L 0.3603937 1.4090158 0.3603937 1.4759449 2 P 0
L 0.3627953 1.6946063 0.3627953 1.7969686 2 P 0
L 0.3627953 1.6946063 0.4297244 1.6946063 2 P 0
L 0.3627953 1.7969686 0.3864173 1.8205906 2 P 0
L 0.3737795 0.4440551 0.3737795 0.5109842 2 P 0
L 0.3737795 0.6802756 0.3737795 0.7472047 2 P 0
L 0.3864173 1.8205906 0.3864173 1.9111417 2 P 0
L 0.3864173 1.9111417 0.6423229 1.9111417 2 P 0
L 0.425433 0.5739764 0.425433 0.6960236 0 P 0
L 0.425433 0.5739764 0.5002362 0.5739764 0 P 0
L 0.425433 0.6960236 0.5002362 0.6960236 0 P 0
L 0.4297244 1.6946063 0.4297244 1.7379134 2 P 0
L 0.4297244 1.7379134 0.4917323 1.7379134 2 P 0
L 0.4325984 0.9327166 0.4325984 1.0547638 0 P 0
L 0.4325984 0.9327166 0.5074016 0.9327166 0 P 0
L 0.4325984 1.0547638 0.5074016 1.0547638 0 P 0
L 0.4375984 1.2989765 0.4375984 1.4210237 0 P 0
L 0.4375984 1.2989765 0.5124016 1.2989765 0 P 0
L 0.4375984 1.4210237 0.5124016 1.4210237 0 P 0
L 0.4905511 1.6227952 0.4905511 1.6601967 0 P 0
L 0.4905511 1.6227952 0.5594488 1.6227952 0 P 0
L 0.4905511 1.6601967 0.5594488 1.6601967 0 P 0
L 0.4917323 1.7166535 0.4917323 1.7379134 2 P 0
L 0.4917323 1.7166535 0.5370079 1.7166535 2 P 0
L 0.5002362 0.5739764 0.5002362 0.6960236 0 P 0
L 0.5074016 0.9327166 0.5074016 1.0547638 0 P 0
L 0.5124016 1.2989765 0.5124016 1.4210237 0 P 0
L 0.5370079 1.7166535 0.5370079 1.7379134 2 P 0
L 0.5370079 1.7379134 0.5990158 1.7379134 2 P 0
L 0.5594488 1.6227952 0.5594488 1.6601967 0 P 0
L 0.5990158 1.6946063 0.5990158 1.7379134 2 P 0
L 0.5990158 1.6946063 0.6659449 1.6946063 2 P 0
L 0.6423229 1.8205906 0.6423229 1.9111417 2 P 0
L 0.6423229 1.8205906 0.6659449 1.7969686 2 P 0
L 0.6542913 0.8905512 0.6542913 0.9594489 0 P 0
L 0.6542913 0.8905512 0.6916928 0.8905512 0 P 0
L 0.6542913 0.9594489 0.6916928 0.9594489 0 P 0
L 0.654685 0.5320472 0.654685 0.6009449 0 P 0
L 0.654685 0.5320472 0.6920865 0.5320472 0 P 0
L 0.654685 0.6009449 0.6920865 0.6009449 0 P 0
L 0.654685 1.2555512 0.654685 1.3244489 0 P 0
L 0.654685 1.2555512 0.6920865 1.2555512 0 P 0
L 0.654685 1.3244489 0.6920865 1.3244489 0 P 0
L 0.6659449 1.6946063 0.6659449 1.7969686 2 P 0
L 0.6916928 0.8905512 0.6916928 0.9594489 0 P 0
L 0.6920865 0.5320472 0.6920865 0.6009449 0 P 0
L 0.6920865 1.2555512 0.6920865 1.3244489 0 P 0
L 0.7077953 1.6946063 0.7077953 1.7969686 2 P 0
L 0.7077953 1.6946063 0.7747244 1.6946063 2 P 0
L 0.7077953 1.7969686 0.7314173 1.8205906 2 P 0
L 0.7314173 1.8205906 0.7314173 1.9111417 2 P 0
L 0.7314173 1.9111417 0.9873229 1.9111417 2 P 0
L 0.744055 0.9338976 0.744055 0.9712991 0 P 0
L 0.744055 0.9338976 0.8129527 0.9338976 0 P 0
L 0.744055 0.9712991 0.8129527 0.9712991 0 P 0
L 0.7747244 1.6946063 0.7747244 1.7379134 2 P 0
L 0.7747244 1.7379134 0.8367323 1.7379134 2 P 0
L 0.7755511 0.5762992 0.7755511 0.6137007 0 P 0
L 0.7755511 0.5762992 0.8444488 0.5762992 0 P 0
L 0.7755511 0.6137007 0.8444488 0.6137007 0 P 0
L 0.7870472 1.3027953 0.7870472 1.3401968 0 P 0
L 0.7870472 1.3027953 0.8559449 1.3027953 0 P 0
L 0.7870472 1.3401968 0.8559449 1.3401968 0 P 0
L 0.8129527 0.9338976 0.8129527 0.9712991 0 P 0
L 0.8235432 1.6212992 0.8235432 1.6587007 0 P 0
L 0.8235432 1.6212992 0.8924409 1.6212992 0 P 0
L 0.8235432 1.6587007 0.8924409 1.6587007 0 P 0
L 0.8367323 1.7166535 0.8367323 1.7379134 2 P 0
L 0.8367323 1.7166535 0.8820079 1.7166535 2 P 0
L 0.8444488 0.5762992 0.8444488 0.6137007 0 P 0
L 0.8559449 1.3027953 0.8559449 1.3401968 0 P 0
L 0.8820079 1.7166535 0.8820079 1.7379134 2 P 0
L 0.8820079 1.7379134 0.9440158 1.7379134 2 P 0
L 0.8924409 1.6212992 0.8924409 1.6587007 0 P 0
L 0.9215748 0.625748 0.9215748 0.7832284 0 P 0
L 0.9215748 0.625748 1.1184253 0.6257481 0 P 0
L 0.9215748 0.7832284 1.1184253 0.7832284 0 P 0
L 0.9440158 1.6946063 0.9440158 1.7379134 2 P 0
L 0.9440158 1.6946063 1.0109449 1.6946063 2 P 0
L 0.9762993 0.4405511 0.9762993 0.5094488 0 P 0
L 0.9762993 0.4405511 1.0137008 0.4405511 0 P 0
L 0.9762993 0.5094488 1.0137008 0.5094488 0 P 0
L 0.9873229 1.8205906 0.9873229 1.9111417 2 P 0
L 0.9873229 1.8205906 1.0109449 1.7969686 2 P 0
L 1.0109449 1.6946063 1.0109449 1.7969686 2 P 0
L 1.0137008 0.4405511 1.0137008 0.5094488 0 P 0
L 1.0462992 1.3040551 1.0462992 1.3729528 0 P 0
L 1.0462992 1.3040551 1.0837008 1.3040551 0 P 0
L 1.0462992 1.3729528 1.0837008 1.3729528 0 P 0
L 1.0488583 0.9967914 1.0488583 1.0656891 0 P 0
L 1.0488583 0.9967914 1.0862599 0.9967914 0 P 0
L 1.0488583 1.0656891 1.0862599 1.0656891 0 P 0
L 1.0490551 1.6946063 1.0490551 1.7969686 2 P 0
L 1.0490551 1.6946063 1.1159842 1.6946063 2 P 0
L 1.0490551 1.7969686 1.0726771 1.8205906 2 P 0
L 1.0726771 1.8205906 1.0726771 1.9111417 2 P 0
L 1.0726771 1.9111417 1.3285827 1.9111417 2 P 0
L 1.0837008 1.3040551 1.0837008 1.3729528 0 P 0
L 1.0862599 0.9967914 1.0862599 1.0656891 0 P 0
L 1.1159842 1.6946063 1.1159842 1.7379134 2 P 0
L 1.1159842 1.7379134 1.1779921 1.7379134 2 P 0
L 1.1184253 0.6257481 1.1184253 0.7832284 0 P 0
L 1.1655511 1.6227952 1.1655511 1.6601967 0 P 0
L 1.1655511 1.6227952 1.2344488 1.6227952 0 P 0
L 1.1655511 1.6601967 1.2344488 1.6601967 0 P 0
L 1.1723622 0.9796457 1.1723622 1.3733465 0 P 0
L 1.1723622 0.9796457 1.566063 0.9796457 0 P 0
L 1.1723622 1.3733465 1.566063 1.3733465 0 P 0
L 1.1779921 1.7166535 1.1779921 1.7379134 2 P 0
L 1.1779921 1.7166535 1.2232677 1.7166535 2 P 0
L 1.2105512 0.8312992 1.2105512 0.8687008 0 P 0
L 1.2105512 0.8312992 1.2794489 0.8312992 0 P 0
L 1.2105512 0.8687008 1.2794489 0.8687008 0 P 0
L 1.2232677 1.7166535 1.2232677 1.7379134 2 P 0
L 1.2232677 1.7379134 1.2852756 1.7379134 2 P 0
L 1.2344488 1.6227952 1.2344488 1.6601967 0 P 0
L 1.2794489 0.8312992 1.2794489 0.8687008 0 P 0
L 1.2852756 1.6946063 1.2852756 1.7379134 2 P 0
L 1.2852756 1.6946063 1.3522047 1.6946063 2 P 0
L 1.2962126 1.1648266 1.3045432 1.156496 3 P 0 ;0,1=0,2=0.000000
L 1.2962126 1.2064798 1.2962126 1.1648266 3 P 0 ;0,1=0,2=0.000000
L 1.3045432 1.156496 1.3212045 1.156496 3 P 0 ;0,1=0,2=0.000000
L 1.3212045 1.156496 1.3295352 1.1648266 3 P 0 ;0,1=0,2=0.000000
L 1.3262992 0.7870472 1.3262992 0.8559449 0 P 0
L 1.3262992 0.7870472 1.3637008 0.7870472 0 P 0
L 1.3262992 0.8559449 1.3637008 0.8559449 0 P 0
L 1.3285827 1.8205906 1.3285827 1.9111417 2 P 0
L 1.3285827 1.8205906 1.3522047 1.7969686 2 P 0
L 1.3295352 1.1648266 1.3295352 1.2064798 3 P 0 ;0,1=0,2=0.000000
L 1.3355512 1.2112992 1.3355512 1.2487008 0 P 0
L 1.3355512 1.2112992 1.4044489 1.2112992 0 P 0
L 1.3355512 1.2487008 1.4044489 1.2487008 0 P 0
L 1.3355512 1.2762992 1.3355512 1.3137008 0 P 0
L 1.3355512 1.2762992 1.4044489 1.2762992 0 P 0
L 1.3355512 1.3137008 1.4044489 1.3137008 0 P 0
L 1.3461964 1.156496 1.3628577 1.156496 3 P 0 ;0,1=0,2=0.000000
L 1.3522047 1.6946063 1.3522047 1.7969686 2 P 0
L 1.354527 1.156496 1.354527 1.2064798 3 P 0 ;0,1=0,2=0.000000
L 1.354527 1.2064798 1.3461964 1.1981492 3 P 0 ;0,1=0,2=0.000000
L 1.3628577 1.156496 1.354527 1.156496 3 P 0 ;0,1=0,2=0.000000
L 1.3637008 0.7870472 1.3637008 0.8559449 0 P 0
L 1.3927953 1.6946063 1.3927953 1.7969686 2 P 0
L 1.3927953 1.6946063 1.4597244 1.6946063 2 P 0
L 1.3927953 1.7969686 1.4164173 1.8205906 2 P 0
L 1.4044489 1.2112992 1.4044489 1.2487008 0 P 0
L 1.4044489 1.2762992 1.4044489 1.3137008 0 P 0
L 1.4164173 1.8205906 1.4164173 1.9111417 2 P 0
L 1.4164173 1.9111417 1.6723229 1.9111417 2 P 0
L 1.4295524 0.8392773 1.4295524 0.8766789 0 P 0
L 1.4295524 0.8392773 1.4984501 0.8392773 0 P 0
L 1.4295524 0.8766789 1.4984501 0.8766789 0 P 0
L 1.4597244 1.6946063 1.4597244 1.7379134 2 P 0
L 1.4597244 1.7379134 1.5217323 1.7379134 2 P 0
L 1.4699138 0.3520974 1.4699138 0.6770974 1 P 0
L 1.4699138 0.3520974 1.8699139 0.3520972 1 P 0
L 1.4699138 0.6770974 1.5499137 0.7570972 1 P 0
L 1.4984501 0.8392773 1.4984501 0.8766789 0 P 0
L 1.5205511 1.6227952 1.5205511 1.6601967 0 P 0
L 1.5205511 1.6227952 1.5894488 1.6227952 0 P 0
L 1.5205511 1.6601967 1.5894488 1.6601967 0 P 0
L 1.5217323 1.7166535 1.5217323 1.7379134 2 P 0
L 1.5217323 1.7166535 1.5670079 1.7166535 2 P 0
L 1.5499137 0.7570972 1.7349137 0.7570972 1 P 0
L 1.566063 0.9796457 1.566063 1.3733465 0 P 0
L 1.5670079 1.7166535 1.5670079 1.7379134 2 P 0
L 1.5670079 1.7379134 1.6290158 1.7379134 2 P 0
L 1.5894488 1.6227952 1.5894488 1.6601967 0 P 0
L 1.6290158 1.6946063 1.6290158 1.7379134 2 P 0
L 1.6290158 1.6946063 1.6959449 1.6946063 2 P 0
L 1.6723229 1.8205906 1.6723229 1.9111417 2 P 0
L 1.6723229 1.8205906 1.6959449 1.7969686 2 P 0
L 1.6755511 1.0692126 1.6755511 1.1066142 0 P 0
L 1.6755511 1.0692126 1.7444488 1.0692126 0 P 0
L 1.6755511 1.1066142 1.7444488 1.1066142 0 P 0
L 1.6755511 1.1862992 1.6755511 1.2237008 0 P 0
L 1.6755511 1.1862992 1.7444488 1.1862992 0 P 0
L 1.6755511 1.2237008 1.7444488 1.2237008 0 P 0
L 1.6959449 1.6946063 1.6959449 1.7969686 2 P 0
L 1.7340551 1.6896063 1.7340551 1.7919686 2 P 0
L 1.7340551 1.6896063 1.8009842 1.6896063 2 P 0
L 1.7340551 1.7919686 1.7576771 1.8155906 2 P 0
L 1.7349137 0.7570972 1.7849138 0.7570972 1 P 0
L 1.7444488 1.0692126 1.7444488 1.1066142 0 P 0
L 1.7444488 1.1862992 1.7444488 1.2237008 0 P 0
L 1.7576771 1.8155906 1.7576771 1.9061417 2 P 0
L 1.7576771 1.9061417 2.0135827 1.9061417 2 P 0
L 1.7849138 0.7570972 1.8699138 0.6720973 1 P 0
L 1.8009842 1.6896063 1.8009842 1.7329134 2 P 0
L 1.8009842 1.7329134 1.8629921 1.7329134 2 P 0
L 1.8570472 1.6212992 1.8570472 1.6587007 0 P 0
L 1.8570472 1.6212992 1.9259449 1.6212992 0 P 0
L 1.8570472 1.6587007 1.9259449 1.6587007 0 P 0
L 1.8629921 1.7116535 1.8629921 1.7329134 2 P 0
L 1.8629921 1.7116535 1.9082677 1.7116535 2 P 0
L 1.8699138 0.6720973 1.8699139 0.3520972 1 P 0
L 1.9082677 1.7116535 1.9082677 1.7329134 2 P 0
L 1.9082677 1.7329134 1.9702756 1.7329134 2 P 0
L 1.9259449 1.6212992 1.9259449 1.6587007 0 P 0
L 1.9521513 0.2663386 1.9521513 0.4120079 0 P 0
L 1.9521513 0.2663386 2.2159308 0.2663386 0 P 0
L 1.9521513 0.4120079 2.2159308 0.4120079 0 P 0
L 1.9702756 1.6896063 1.9702756 1.7329134 2 P 0
L 1.9702756 1.6896063 2.0372047 1.6896063 2 P 0
L 1.9868898 1.0168898 1.9868898 1.2531102 1 P 0
L 1.9868898 1.0168898 2.2231102 1.0168898 1 P 0
L 1.9868898 1.2531102 2.2231102 1.2531102 1 P 0
L 2.0135827 1.8155906 2.0135827 1.9061417 2 P 0
L 2.0135827 1.8155906 2.0372047 1.7919686 2 P 0
L 2.0372047 1.6896063 2.0372047 1.7919686 2 P 0
L 2.0570004 0.6866 2.0570004 0.7554977 0 P 0
L 2.0570004 0.6866 2.0944023 0.6866 0 P 0
L 2.0570004 0.7554977 2.0944023 0.7554978 0 P 0
L 2.080626 0.1012992 2.080626 0.1387008 0 P 0
L 2.080626 0.1012992 2.1495237 0.1012992 0 P 0
L 2.080626 0.1387008 2.1495237 0.1387008 0 P 0
L 2.0890551 1.6846063 2.0890551 1.7869686 2 P 0
L 2.0890551 1.6846063 2.1559842 1.6846063 2 P 0
L 2.0890551 1.7869686 2.1126771 1.8105906 2 P 0
L 2.0944023 0.6866 2.0944023 0.7554978 0 P 0
L 2.1126771 1.8105906 2.1126771 1.9011417 2 P 0
L 2.1126771 1.9011417 2.3685827 1.9011417 2 P 0
L 2.1495237 0.1012992 2.1495237 0.1387008 0 P 0
L 2.1559842 1.6846063 2.1559842 1.7279134 2 P 0
L 2.1559842 1.7279134 2.2179921 1.7279134 2 P 0
L 2.2105511 1.6212992 2.2105511 1.6587007 0 P 0
L 2.2105511 1.6212992 2.2794488 1.6212992 0 P 0
L 2.2105511 1.6587007 2.2794488 1.6587007 0 P 0
L 2.2159308 0.2663386 2.2159308 0.4120079 0 P 0
L 2.2179921 1.7066535 2.2179921 1.7279134 2 P 0
L 2.2179921 1.7066535 2.2632677 1.7066535 2 P 0
L 2.2231102 1.0168898 2.2231102 1.2531102 1 P 0
L 2.2632677 1.7066535 2.2632677 1.7279134 2 P 0
L 2.2632677 1.7279134 2.3252756 1.7279134 2 P 0
L 2.2646776 0.6826235 2.2646778 0.8794739 0 P 0
L 2.2646776 0.6826235 2.422158 0.6826235 0 P 0
L 2.2646778 0.8794739 2.422158 0.8794739 0 P 0
L 2.2794488 1.6212992 2.2794488 1.6587007 0 P 0
L 2.3252756 1.6846063 2.3252756 1.7279134 2 P 0
L 2.3252756 1.6846063 2.3922047 1.6846063 2 P 0
L 2.3265931 0.1577115 2.3265931 0.2266092 0 P 0
L 2.3265931 0.1577115 2.3639947 0.1577115 0 P 0
L 2.3265931 0.2266092 2.3639947 0.2266092 0 P 0
L 2.3639947 0.1577115 2.3639947 0.2266092 0 P 0
L 2.3685827 1.8105906 2.3685827 1.9011417 2 P 0
L 2.3685827 1.8105906 2.3922047 1.7869686 2 P 0
L 2.3922047 1.6846063 2.3922047 1.7869686 2 P 0
L 2.422158 0.6826235 2.422158 0.8794739 0 P 0
L 2.4412131 0.7465999 2.4412132 0.8154975 0 P 0
L 2.4412131 0.7465999 2.4786146 0.7465999 0 P 0
L 2.4412132 0.8154975 2.4786147 0.8154977 0 P 0
L 2.4705511 1.6896063 2.4705511 1.7919686 2 P 0
L 2.4705511 1.6896063 2.5374802 1.6896063 2 P 0
L 2.4705511 1.7919686 2.4941731 1.8155906 2 P 0
L 2.4786146 0.7465999 2.4786147 0.8154977 0 P 0
L 2.4941731 1.8155906 2.4941731 1.9061417 2 P 0
L 2.4941731 1.9061417 2.7500787 1.9061417 2 P 0
L 2.520465 0.7373478 2.520465 0.7747497 0 P 0
L 2.520465 0.7373478 2.5893627 0.7373479 0 P 0
L 2.520465 0.7747497 2.5893627 0.7747494 0 P 0
L 2.520465 0.7923478 2.520465 0.8297494 0 P 0
L 2.520465 0.7923478 2.5893628 0.7923479 0 P 0
L 2.520465 0.8297494 2.5893627 0.8297493 0 P 0
L 2.5374802 1.6896063 2.5374802 1.7329134 2 P 0
L 2.5374802 1.7329134 2.5994881 1.7329134 2 P 0
L 2.541213 0.7604976 2.5412131 0.6915998 0 P 0
L 2.541213 0.7604976 2.5786148 0.7604976 0 P 0
L 2.5412131 0.6915998 2.5786148 0.6915998 0 P 0
L 2.5554648 0.7973477 2.5554648 0.8347496 0 P 0
L 2.5554648 0.7973477 2.6243626 0.7973479 0 P 0
L 2.5554648 0.8347496 2.6243626 0.8347496 0 P 0
L 2.5786148 0.6915998 2.5786148 0.7604976 0 P 0
L 2.5893627 0.7373479 2.5893627 0.7747494 0 P 0
L 2.5893627 0.8297493 2.5893628 0.7923479 0 P 0
L 2.5955511 1.6262992 2.5955511 1.6637007 0 P 0
L 2.5955511 1.6262992 2.6644488 1.6262992 0 P 0
L 2.5955511 1.6637007 2.6644488 1.6637007 0 P 0
L 2.5994881 1.7116535 2.5994881 1.7329134 2 P 0
L 2.5994881 1.7116535 2.6447637 1.7116535 2 P 0
L 2.6112993 1.0655511 2.6112993 1.1344488 0 P 0
L 2.6112993 1.0655511 2.6487008 1.0655511 0 P 0
L 2.6112993 1.1344488 2.6487008 1.1344488 0 P 0
L 2.6243626 0.7973479 2.6243626 0.8347496 0 P 0
L 2.6391298 0.3082999 2.6391298 0.7138103 1 P 0
L 2.6391298 0.3082999 3.0407042 0.3082999 1 P 0
L 2.6391298 0.7138103 3.0407041 0.7138102 1 P 0
L 2.6447637 1.7116535 2.6447637 1.7329134 2 P 0
L 2.6447637 1.7329134 2.7067716 1.7329134 2 P 0
L 2.6487008 1.0655511 2.6487008 1.1344488 0 P 0
L 2.6644488 1.6262992 2.6644488 1.6637007 0 P 0
L 2.6898032 0.8255512 2.6898032 0.8944489 0 P 0
L 2.6898032 0.8255512 2.7272047 0.8255512 0 P 0
L 2.6898032 0.8944489 2.7272047 0.8944489 0 P 0
L 2.7055512 0.9312993 2.7055512 0.9687008 0 P 0
L 2.7055512 0.9312993 2.7744489 0.9312993 0 P 0
L 2.7055512 0.9687008 2.7744489 0.9687008 0 P 0
L 2.7067716 1.6896063 2.7067716 1.7329134 2 P 0
L 2.7067716 1.6896063 2.7737007 1.6896063 2 P 0
L 2.7272047 0.8255512 2.7272047 0.8944489 0 P 0
L 2.7362993 1.1592125 2.7362993 1.2281102 0 P 0
L 2.7362993 1.1592125 2.7737008 1.1592125 0 P 0
L 2.7362993 1.2281102 2.7737008 1.2281102 0 P 0
L 2.7500787 1.8155906 2.7500787 1.9061417 2 P 0
L 2.7500787 1.8155906 2.7737007 1.7919686 2 P 0
L 2.7512993 1.3155511 2.7512993 1.3844488 0 P 0
L 2.7512993 1.3155511 2.7887008 1.3155511 0 P 0
L 2.7512993 1.3844488 2.7887008 1.3844488 0 P 0
L 2.7712992 1.4705512 2.7712992 1.5394489 0 P 0
L 2.7712992 1.4705512 2.8087007 1.4705512 0 P 0
L 2.7712992 1.5394489 2.8087007 1.5394489 0 P 0
L 2.7737007 1.6896063 2.7737007 1.7919686 2 P 0
L 2.7737008 1.1592125 2.7737008 1.2281102 0 P 0
L 2.7744489 0.9312993 2.7744489 0.9687008 0 P 0
L 2.7887008 1.3155511 2.7887008 1.3844488 0 P 0
L 2.8087007 1.4705512 2.8087007 1.5394489 0 P 0
L 3.0407041 0.7138102 3.0407042 0.3082999 1 P 0
